-58.882, 0.364, 84.229
-56.888, 0.512, 81.157
-54.915, 0.827, 77.967
-52.988, 1.355, 74.643
-51.153, 2.142, 71.164
-49.485, 3.239, 67.508
-48.082, 4.656, 68.778
-46.977, 6.316, 71.974
-46.183, 8.148, 76.098
-45.694, 10.085, 84.003
-45.456, 12.069, 87.106
-45.407, 14.067, 89.594
-45.51, 16.064, 91.555
-45.735, 18.05, 93.091
-46.06, 20.023, 94.298
-46.466, 21.981, 95.252
-46.941, 23.924, 96.014
-47.477, 25.851, 96.014
-48.065, 27.762, 96.63
-48.694, 29.661, 97.134
-49.358, 31.547, 97.554
-50.052, 33.423, 95.029
-50.774, 35.288, 92.318
-51.523, 37.142, 89.524
-52.294, 38.988, 86.64
-53.082, 40.826, 83.657
-53.886, 42.657, 80.564
-54.703, 44.483, 77.347
-55.531, 46.304, 73.99
-56.368, 48.12, 70.474
-57.211, 49.934, 66.772
-58.056, 51.746, 62.854
-58.9, 53.559, 58.673
-59.737, 55.376, 54.172
-60.562, 57.198, 49.26
-61.361, 59.031, 43.802
-62.109, 60.886, 37.558
-62.759, 62.776, 30.048
-63.031, 64.737, 20
-61.936, 63.428, 91.684
-61.117, 61.604, 95.276
-60.368, 59.749, 96.863
-59.664, 57.878, 97.677
-58.99, 55.995, 98.139
-58.34, 54.103, 98.417
-57.712, 52.205, 98.417
-57.108, 50.298, 98.592
-56.517, 48.387, 98.701
-55.944, 46.471, 98.701
-55.39, 44.55, 98.768
-54.844, 42.625, 98.768
-54.323, 40.694, 98.805
-53.807, 38.762, 98.818
-53.316, 36.823, 98.818
-52.83, 34.883, 98.812
-52.368, 32.938, 98.812
-51.91, 30.991, 98.789
-51.478, 29.038, 98.789
-51.048, 27.085, 98.751
-50.648, 25.125, 98.751
-50.247, 23.166, 98.751
-49.878, 21.2, 98.698
-49.512, 19.234, 98.698
-49.172, 17.263, 98.628
-48.841, 15.291, 98.628
-48.531, 13.315, 98.542
-48.238, 11.336, 98.542
-47.959, 9.356, 98.436
-47.707, 7.372, 98.436
-47.458, 5.388, 98.309
-47.251, 3.398, 98.309
-47.045, 1.409, 98.309
-46.876, -0.584, 98.158
-46.718, -2.578, 98.158
-46.587, -4.573, 97.978
-46.482, -6.57, 97.978
-46.391, -8.568, 97.764
-46.345, -10.568, 97.764
-46.298, -12.567, 97.764
-46.314, -14.567, 97.51
-46.331, -16.567, 97.51
-46.401, -18.565, 97.211
-46.488, -20.564, 97.211
-46.618, -22.559, 96.857
-46.782, -24.552, 96.857
-46.979, -26.542, 96.442
-47.23, -28.526, 96.442
-47.502, -30.507, 95.957
-47.847, -32.477, 95.957
-48.207, -34.444, 95.395
-48.657, -36.393, 95.395
-49.116, -38.339, 94.757
-49.681, -40.258, 94.757
-50.256, -42.173, 94.049
-50.945, -44.05, 94.049
-51.652, -45.921, 93.291
-52.477, -47.743, 92.232
-53.332, -49.55, 89.437
-54.302, -51.298, 86.55
-55.32, -53.018, 83.567
-56.442, -54.674, 80.47
-57.634, -56.277, 77.253
-58.91, -57.817, 73.892
-60.278, -59.273, 70.375
-61.704, -60.675, 66.668
-63.208, -61.992, 62.745
-64.752, -63.263, 58.557
-66.29, -64.542, 54.045
-67.817, -65.834, 49.121
-69.322, -67.15, 43.645
-70.8, -68.498, 37.376
-72.223, -69.902, 29.817
-73.198, -71.562, 20
-71.279, -71.2, 83.463
-69.445, -70.405, 96.055
-67.643, -69.537, 97.695
-65.859, -68.632, 98.561
-64.087, -67.706, 99.062
-62.322, -66.765, 99.062
-60.564, -65.81, 99.374
-58.81, -64.85, 99.579
-57.059, -63.884, 99.721
-55.311, -62.911, 99.721
-53.565, -61.937, 99.823
-51.82, -60.959, 99.823
-50.077, -59.979, 99.9
-48.334, -58.997, 99.9
-46.592, -58.014, 99.96
-44.851, -57.031, 99.96
-43.11, -56.046, 99.991
-41.369, -55.062, 99.991
-39.628, -54.078, 99.949
-37.887, -53.094, 99.949
-36.145, -52.111, 99.912
-34.403, -51.128, 99.912
-32.661, -50.146, 99.877
-30.918, -49.166, 99.877
-29.174, -48.186, 99.844
-27.429, -47.209, 99.844
-25.684, -46.232, 99.811
-23.937, -45.258, 99.811
-22.19, -44.285, 99.777
-20.44, -43.315, 99.777
-18.691, -42.346, 99.777
-16.939, -41.381, 99.741
-15.186, -40.418, 99.741
-13.432, -39.458, 99.701
-11.676, -38.501, 99.701
-9.918, -37.546, 99.656
-8.158, -36.596, 99.656
-6.398, -35.647, 99.656
-4.633, -34.706, 99.605
-2.868, -33.766, 99.605
-1.099, -32.832, 99.545
0.671, -31.902, 99.545
2.444, -30.976, 99.475
4.221, -30.057, 99.475
5.999, -29.141, 99.389
7.782, -28.235, 99.389
9.565, -27.33, 99.285
11.356, -26.439, 99.285
13.146, -25.548, 99.285
14.945, -24.673, 99.156
16.744, -23.799, 99.156
18.551, -22.942, 98.992
20.359, -22.088, 98.992
22.174, -21.248, 98.916
23.997, -20.424, 98.916
25.821, -19.605, 98.698
27.654, -18.805, 98.698
29.492, -18.015, 98.428
31.336, -17.241, 98.428
33.189, -16.489, 98.089
35.048, -15.751, 95.753
36.917, -15.04, 93.062
38.797, -14.359, 90.292
40.688, -13.706, 87.434
42.59, -13.088, 84.479
44.506, -12.515, 81.417
46.438, -12, 78.235
48.388, -11.557, 74.918
50.358, -11.209, 71.448
52.344, -10.981, 67.801
54.342, -10.913, 63.948
56.33, -11.11, 59.848
58.246, -11.664, 55.454
59.947, -12.699, 50.689
61.245, -14.21, 60.146
62.116, -16.005, 72.568
62.646, -17.931, 86.784
62.97, -19.904, 92.84
63.174, -21.894, 97.149
63.315, -23.889, 98.889
63.44, -25.885, 97.688
63.582, -27.88, 95.053
63.767, -29.871, 92.342
63.989, -31.857, 89.551
64.031, -33.857, 86.668
64.076, -35.856, 83.686
64.129, -37.856, 80.594
64.189, -39.855, 77.378
64.26, -41.853, 74.023
64.342, -43.852, 70.508
64.438, -45.849, 66.809
64.546, -47.847, 62.892
64.664, -49.843, 58.715
64.791, -51.839, 54.216
64.922, -53.835, 49.309
65.058, -55.83, 43.857
65.196, -57.825, 37.622
65.336, -59.82, 30.123
65.39, -61.817, 20
64.313, -61.706, 59.876
63.449, -59.903, 92.813
62.724, -58.04, 94.896
62.064, -56.152, 96.876
61.454, -54.247, 97.375
60.88, -52.331, 97.713
60.336, -50.407, 97.947
59.818, -48.475, 98.111
59.325, -46.537, 98.224
58.854, -44.593, 98.301
58.408, -42.643, 98.301
57.984, -40.689, 98.349
57.579, -38.73, 98.374
57.192, -36.768, 98.379
56.826, -34.802, 98.379
56.485, -32.831, 98.368
56.161, -30.858, 98.341
55.853, -28.882, 98.299
55.574, -26.901, 98.299
55.314, -24.918, 98.243
55.071, -22.933, 98.172
54.856, -20.945, 98.172
54.663, -18.954, 98.085
54.488, -16.962, 97.982
54.344, -14.967, 97.982
54.225, -12.971, 97.86
54.125, -10.973, 97.719
54.061, -8.974, 97.719
54.024, -6.975, 97.555
54.008, -4.975, 97.366
54.035, -2.975, 97.366
54.092, -0.976, 97.149
54.173, 1.022, 96.9
54.305, 3.018, 96.9
54.471, 5.011, 96.615
54.667, 7.001, 96.289
54.921, 8.985, 96.289
55.217, 10.963, 95.918
55.551, 12.934, 95.499
55.946, 14.895, 95.499
56.347, 16.853, 99.915
56.627, 18.834, 99.915
56.908, 20.814, 99.881
57.19, 22.794, 99.835
57.474, 24.774, 99.775
57.76, 26.753, 97.693
58.05, 28.732, 95.057
58.344, 30.71, 92.346
58.643, 32.688, 89.554
58.951, 34.664, 86.671
59.271, 36.638, 83.689
59.607, 38.61, 80.597
59.97, 40.576, 77.381
60.376, 42.535, 74.026
60.845, 44.479, 70.512
61.398, 46.4, 66.813
62.028, 48.298, 62.897
62.695, 50.184, 58.72
63.363, 52.069, 54.222
64.016, 53.959, 49.315
64.652, 55.856, 43.863
65.271, 57.757, 37.63
65.875, 59.664, 30.133
66.465, 61.575, 20
66.781, 62.613, 0
66.781, 62.613, 0
72.609, 81.745, 0
endData
127
100
200
-58.882, 0.364, -26.242, 1.296, -63.079, 56.604, -63.079, 64.478
-63.079, 64.478, -63.079, 72.352, -25.31, -31.111, -63.079, -61.885
-63.079, -61.885, -100.848, -92.66, -24.727, -42.768, 22.018, -21.319
22.018, -21.319, 68.763, 0.131, 61.652, -15.723, 63.984, -31.577
63.984, -31.577, 64.217, -43.467, 64.45, -47.197, 65.382, -60.486
65.382, -60.486, 66.315, -73.776, 47.664, -19.687, 56.29, 16.451
56.29, 16.451, 61.419, 52.821, 60.02, 40.231, 66.781, 62.613
#PATH.JERRYIO-DATA {"appVersion":"0.8.3","format":"LemLib v0.5","gc":{"robotWidth":12,"robotHeight":12,"robotIsHolonomic":false,"showRobot":false,"uol":2.54,"pointDensity":2,"controlMagnetDistance":1.968503937007874,"fieldImage":{"displayName":"V5RC 2025 - High Stakes (Skills)","signature":"V5RC 2025 - High Stakes (Skills)","origin":{"__type":"built-in"}},"coordinateSystem":"VEX Gaming Positioning System"},"paths":[{"segments":[{"controls":[{"uid":"At034LOemD","x":-58.88240330852211,"y":0.3637018892987592,"lock":false,"visible":true,"heading":0,"__type":"end-point"},{"uid":"DsmpH7euiR","x":-26.24249016632582,"y":1.2962708362186532,"lock":false,"visible":true,"__type":"control"},{"uid":"HxKupTAUEH","x":-63.07896356966163,"y":56.60380124200997,"lock":false,"visible":true,"__type":"control"},{"uid":"Xrqx80MP7Z","x":-63.07896356966163,"y":64.47781699004148,"lock":false,"visible":true,"heading":0,"__type":"end-point"}],"speedProfiles":[],"lookaheadKeyframes":[],"uid":"Uy2GA00zbu"},{"controls":[{"uid":"Xrqx80MP7Z","x":-63.07896356966163,"y":64.47781699004148,"lock":false,"visible":true,"heading":0,"__type":"end-point"},{"uid":"ZsO9LKknjX","x":-63.07896356966163,"y":72.35183273807297,"lock":false,"visible":true,"__type":"control"},{"uid":"XVunfVg3cl","x":-25.309921219405926,"y":-31.110500069247667,"lock":false,"visible":true,"__type":"control"},{"uid":"4V4mMU3YTx","x":-63.07896356966163,"y":-61.88527531760417,"lock":false,"visible":true,"heading":0,"__type":"end-point"}],"speedProfiles":[],"lookaheadKeyframes":[],"uid":"EiGaCmxsLn"},{"controls":[{"uid":"4V4mMU3YTx","x":-63.07896356966163,"y":-61.88527531760417,"lock":false,"visible":true,"heading":0,"__type":"end-point"},{"uid":"cn3bscNEGw","x":-100.84800591991734,"y":-92.66005056596067,"lock":false,"visible":true,"__type":"control"},{"uid":"g3aMo1Ugxb","x":-24.727065627580988,"y":-42.767611905746364,"lock":false,"visible":true,"__type":"control"},{"uid":"lesdEujigp","x":22.017952836778697,"y":-21.318526126588775,"lock":false,"visible":true,"heading":0,"__type":"end-point"}],"speedProfiles":[],"lookaheadKeyframes":[],"uid":"IJvFMdsfXT"},{"controls":[{"uid":"lesdEujigp","x":22.017952836778697,"y":-21.318526126588775,"lock":false,"visible":true,"heading":0,"__type":"end-point"},{"uid":"yv1qN5JiSc","x":68.76297130113832,"y":0.13055965256880597,"lock":false,"visible":true,"__type":"control"},{"uid":"Zz3pmaeq60","x":61.652133080874194,"y":-15.723112445069413,"lock":false,"visible":true,"__type":"control"},{"uid":"WNtCaJ1edE","x":63.983555448173924,"y":-31.57678454270761,"lock":false,"visible":true,"heading":0,"__type":"end-point"}],"speedProfiles":[],"lookaheadKeyframes":[],"uid":"Pnsael4uXd"},{"controls":[{"uid":"WNtCaJ1edE","x":63.983555448173924,"y":-31.57678454270761,"lock":false,"visible":true,"heading":0,"__type":"end-point"},{"uid":"Xxiy5vdZHE","x":64.2166976849039,"y":-43.46703861593626,"lock":false,"visible":true,"__type":"control"},{"uid":"cjaDp5dV9A","x":64.44983992163388,"y":-47.197314403615835,"lock":false,"visible":true,"__type":"control"},{"uid":"8LgBAIRWny","x":65.38240886855377,"y":-60.486421897224325,"lock":false,"visible":true,"heading":0,"__type":"end-point"}],"speedProfiles":[],"lookaheadKeyframes":[],"uid":"aGgvZraSY1"},{"controls":[{"uid":"8LgBAIRWny","x":65.38240886855377,"y":-60.486421897224325,"lock":false,"visible":true,"heading":0,"__type":"end-point"},{"uid":"nZFTbokwBU","x":66.31497781547365,"y":-73.77552939083282,"lock":false,"visible":true,"__type":"control"},{"uid":"ZO8B7kXmmW","x":47.66359887707578,"y":-19.686530469478964,"lock":false,"visible":true,"__type":"control"},{"uid":"WPZEKX6LOB","x":56.2898616360848,"y":16.45051622366693,"lock":false,"visible":true,"heading":0,"__type":"end-point"}],"speedProfiles":[],"lookaheadKeyframes":[],"uid":"dPB0IpKpY7"},{"controls":[{"uid":"WPZEKX6LOB","x":56.2898616360848,"y":16.45051622366693,"lock":false,"visible":true,"heading":0,"__type":"end-point"},{"uid":"LQxKG8QH6b","x":61.41899084414422,"y":52.8207051535428,"lock":false,"visible":true,"__type":"control"},{"uid":"QKIOToZpNU","x":60.020137423764375,"y":40.23102437012423,"lock":false,"visible":true,"__type":"control"},{"uid":"uu3Gb7DSgA","x":66.7812622889336,"y":62.61267909620168,"lock":false,"visible":true,"heading":0,"__type":"end-point"}],"speedProfiles":[],"lookaheadKeyframes":[],"uid":"4rqGuraYY4"}],"pc":{"speedLimit":{"minLimit":{"value":0,"label":"0"},"maxLimit":{"value":127,"label":"127"},"step":1,"from":20,"to":100},"bentRateApplicableRange":{"minLimit":{"value":0,"label":"0"},"maxLimit":{"value":1,"label":"1"},"step":0.001,"from":0,"to":0.1},"maxDecelerationRate":127},"name":"Path","uid":"LyvFYHIab1","lock":false,"visible":true}]}